4 1 7.1.1例1 7 1 1 29 1077
2 1 7.1.1定义1 7 1 1 30 705
0 1 7.1.1命题1 7 1 1 31 916
1 1 7.1.1推论1 7 1 1 31 2042
1 2 7.1.1推论2 7 1 1 31 2418
2 2 7.1.1定义2 7 1 1 31 3169
2 3 7.1.1定义3 7 1 1 32 2645
0 2 7.1.1命题2 7 1 1 33 625
3 1 7.1.1定理1 7 1 1 34 2133
3 1 7.1.2定理1 7 1 2 35 1709
3 1 7.1.2定理1 7 1 2 35 1931
4 1 7.1.2例1 7 1 2 35 3094
4 2 7.1.2例2 7 1 2 36 706
4 3 7.1.2例3 7 1 2 36 1003
4 4 7.1.2例4 7 1 2 36 1299
4 5 7.1.2例5 7 1 2 36 1904
4 6 7.1.2例6 7 1 2 36 2645
4 7 7.1.2例7 7 1 2 37 403
4 8 7.1.2例8 7 1 2 37 1595
4 9 7.1.2例9 7 1 2 37 2996
4 10 7.1.2例10 7 1 2 38 628
4 11 7.1.2例11 7 1 2 38 3090
4 12 7.1.2例12 7 1 2 39 2349
2 1 7.2.1定义1 7 2 1 41 1332
2 2 7.2.1定义2 7 2 1 41 2226
0 1 7.2.1命题1 7 2 1 41 2374
0 2 7.2.1命题2 7 2 1 42 551
0 2 7.2.1命题2 7 2 1 42 779
3 1 7.2.1定理1 7 2 1 42 1302
3 1 7.2.1定理1 7 2 1 43 853
1 1 7.2.1推论1 7 2 1 43 1077
0 3 7.2.1命题3 7 2 1 43 1225
0 3 7.2.1命题3 7 2 1 43 1977
3 2 7.2.1定理2 7 2 1 44 1155
2 3 7.2.1定义3 7 2 1 44 2944
2 4 7.2.1定义4 7 2 1 45 809
3 3 7.2.1定理3 7 2 1 45 1412
3 3 7.2.2定理3 7 2 2 46 2275
3 4 7.2.2定理4 7 2 2 46 2423
3 4 7.2.2定理4 7 2 2 46 2722
4 1 7.2.2例1 7 2 2 46 3099
4 2 7.2.2例2 7 2 2 47 702
4 3 7.2.2例3 7 2 2 47 1379
4 4 7.2.2例4 7 2 2 47 2251
4 5 7.4.2例5 7 4 2 48 403
4 6 7.4.2例6 7 4 2 48 957
4 7 7.4.2例7 7 4 2 48 3090
4 8 7.4.2例8 7 4 2 49 1376
4 9 7.4.2例9 7 4 2 49 1905
4 10 7.4.2例10 7 4 2 49 2610
2 1 7.3.1定义1 7 3 1 51 2717
2 1 7.3.1定义1 7 3 1 51 2942
3 1 7.3.1定理1 7 3 1 52 2571
3 1 7.3.1定理1 7 3 1 53 1903
0 1 7.3.1命题1 7 3 1 53 2201
0 2 7.3.1命题2 7 3 1 53 2874
0 3 7.3.1命题3 7 3 1 54 477
2 2 7.3.1定义2 7 3 1 54 1423
3 2 7.3.1定理2 7 3 1 54 1730
3 2 7.3.1定理2 7 3 1 54 2185
1 1 7.3.1推论1 7 3 1 54 2333
2 3 7.3.1定义3 7 3 1 56 776
3 3 7.3.1定理3 7 3 1 56 928
2 4 7.3.1定义4 7 3 1 56 1598
3 4 7.3.1定理4 7 3 1 56 1749
2 5 7.3.1定义5 7 3 1 56 2193
3 5 7.3.1定理5 7 3 1 56 2274
2 6 7.3.1定义6 7 3 1 57 1650
3 6 7.3.1定理6 7 3 1 57 1802
3 7 7.3.1定理7 7 3 1 58 1893
2 7 7.3.1定义7 7 3 1 58 1966
3 8 7.3.1定理8 7 3 1 58 2116
4 1 7.3.2例1 7 3 2 59 1083
4 2 7.3.2例2 7 3 2 59 2863
4 3 7.3.2例3 7 3 2 60 707
4 4 7.3.2例4 7 3 2 60 1728
4 5 7.3.2例5 7 3 2 60 2326
4 6 7.3.2例6 7 3 2 60 3166
4 7 7.3.2例7 7 3 2 61 1595
4 8 7.3.2例8 7 3 2 62 854
4 9 7.3.2例9 7 3 2 62 3022
4 10 7.3.2例10 7 3 2 63 1532
2 1 7.4.1定义1 7 4 1 65 1568
3 1 7.4.1定理1 7 4 1 65 1946
3 2 7.4.1定理2 7 4 1 66 1746
2 2 7.4.1定义2 7 4 1 68 938
3 3 7.4.1定理3 7 4 1 68 1162
3 4 7.4.1定理4 7 4 1 68 1695
4 1 7.4.1例1 7 4 1 68 3092
4 2 7.4.1例2 7 4 1 69 1740
4 3 7.4.1例3 7 4 1 69 3021
2 1 7.5.1定义1 7 5 1 70 2503
2 2 7.5.1定义2 7 5 1 71 850
3 1 7.5.1定理1 7 5 1 71 2049
1 1 7.5.1推论1 7 5 1 71 2944
1 2 7.5.2推论2 7 5 2 72 625
1 3 7.5.2推论3 7 5 2 72 850
1 3 7.5.2推论3 7 5 2 72 998
1 4 7.5.2推论4 7 5 2 72 1371
4 1 7.5.2例1 7 5 2 72 2951
4 2 7.5.2例2 7 5 2 73 631
4 3 7.5.2例3 7 5 2 73 940
4 4 7.5.2例4 7 5 2 73 2177
4 5 7.5.2例5 7 5 2 73 3170
4 6 7.5.2例6 7 5 2 74 1299
4 7 7.5.2例7 7 5 2 74 2574
4 8 7.5.3例8 7 5 3 75 737
3 1 7.6.1定理1 7 6 1 76 1569
1 1 7.6.1推论1 7 6 1 76 2177
2 1 7.6.1定义1 7 6 1 76 2327
3 2 7.6.1定理2 7 6 1 76 2706
3 3 7.6.1定理3 7 6 1 77 555
3 4 7.6.1定理4 7 6 1 77 928
3 4 7.6.1定理4 7 6 1 77 1524
3 5 7.6.1定理5 7 6 1 77 2421
2 2 7.6.1定义2 7 6 1 77 3095
3 6 7.6.1定理6 7 6 1 79 1425
3 6 7.6.1定理6 7 6 1 79 1502
1 2 7.6.1推论2 7 6 1 79 1878
3 7 7.6.1定理7 7 6 1 79 1955
1 3 7.6.1推论3 7 6 1 79 2333
2 3 7.6.1定义3 7 6 1 80 828
3 8 7.6.1定理8 7 6 1 80 2418
3 9 7.6.1定理9 7 6 1 80 3022
3 10 7.6.1定理10 7 6 1 81 703
3 11 7.6.1定理11 7 6 1 82 1150
3 11 7.6.1定理11 7 6 1 82 3022
3 11 7.6.2定理11 7 6 2 83 477
4 1 7.6.2例1 7 6 2 83 1080
4 0 7.6.2例0 7 6 2 83 2793
4 2 7.6.2例2 7 6 2 83 3017
4 3 7.6.2例3 7 6 2 84 1077
4 4 7.6.2例4 7 6 2 84 1454
4 5 7.6.2例5 7 6 2 84 2048
4 6 7.6.2例6 7 6 2 85 403
4 7 7.6.2例7 7 6 2 85 1447
4 8 7.6.2例8 7 6 2 85 2569
4 9 7.6.2例9 7 6 2 86 625
4 10 7.6.2例10 7 6 2 86 1299
4 11 7.6.2例11 7 6 2 86 1731
4 12 7.6.2例12 7 6 2 86 2544
4 13 7.6.2例13 7 6 2 87 648
4 14 7.6.2例14 7 6 2 87 1190
4 0 7.6.2例0 7 6 2 87 1265
4 15 7.6.2例15 7 6 2 87 3099
4 16 7.6.2例16 7 6 2 88 2121
4 17 7.6.2例17 7 6 2 89 481
4 19 7.6.2例19 7 6 2 89 2394
4 20 7.6.2例20 7 6 2 89 2951
3 1 7.7.1定理1 7 7 1 91 2534
3 2 7.7.1定理2 7 7 1 92 403
3 3 7.7.1定理3 7 7 1 92 1889
1 1 7.7.1推论1 7 7 1 92 2497
3 4 7.7.1定理4 7 7 1 92 3022
1 2 7.7.1推论2 7 7 1 93 1711
1 3 7.7.1推论3 7 7 1 93 2141
4 0 7.7.1例0 7 7 1 93 2319
2 1 7.7.1定义1 7 7 1 93 2873
4 0 7.7.1例0 7 7 1 93 3095
3 5 7.7.1定理5 7 7 1 94 403
4 1 7.7.2例1 7 7 2 96 1151
4 2 7.7.2例2 7 7 2 96 2374
4 3 7.7.2例3 7 7 2 97 2024
4 4 7.7.2例4 7 7 2 97 2729
4 5 7.7.2例5 7 7 2 98 896
4 6 7.7.2例6 7 7 2 98 1195
4 7 7.7.2例7 7 7 2 98 1889
4 8 7.7.2例8 7 7 2 99 1317
4 9 7.7.2例9 7 7 2 99 1845
4 10 7.7.2例10 7 7 2 100 2205
2 1 7.8.1定义1 7 8 1 102 2621
1 1 7.8.1推论1 7 8 1 104 1667
3 1 7.8.1定理1 7 8 1 104 2559
3 2 7.8.1定理2 7 8 1 105 3092
1 2 7.8.1推论2 7 8 1 106 1001
3 3 7.8.2定理3 7 8 2 107 403
4 1 7.8.2例1 7 8 2 107 779
4 2 7.8.2例2 7 8 2 107 3095
4 3 7.8.2例3 7 8 2 108 554
4 4 7.8.2例4 7 8 2 108 772
4 5 7.8.2例5 7 8 2 108 1302
4 6 7.8.2例6 7 8 2 108 3095
4 7 7.8.2例7 7 8 2 109 1166
4 8 7.8.2例8 7 8 2 109 2234
4 9 7.8.2例9 7 8 2 109 2815
4 10 7.8.2例10 7 8 2 110 861
4 11 7.8.2例11 7 8 2 110 1532
4 12 7.8.2例12 7 8 2 110 2798
4 13 7.8.2例13 7 8 2 111 706
4 14 7.8.2例14 7 8 2 111 1450
4 15 7.8.2例15 7 8 2 112 1648
4 16 7.8.2例16 7 8 2 113 403
4 17 7.8.2例17 7 8 2 113 2870
2 1 7.9.1定义1 7 9 1 116 3037
3 1 7.9.1定理1 7 9 1 118 777
2 2 7.9.1定义2 7 9 1 118 1912
3 2 7.9.1定理2 7 9 1 118 2796
3 3 7.9.1定理3 7 9 1 119 855
3 3 7.9.1定理3 7 9 1 119 2188
3 4 7.9.1定理4 7 9 1 120 629
3 5 7.9.1定理5 7 9 1 120 2052
2 3 7.9.1定义3 7 9 1 121 2944
2 4 7.9.1定义4 7 9 1 122 403
2 5 7.9.1定义5 7 9 1 122 1003
0 1 7.9.1命题1 7 9 1 122 1303
3 6 7.9.1定理6 7 9 1 122 2645
4 1 7.9.2例1 7 9 2 123 2341
4 2 7.9.2例2 7 9 2 123 2722
4 3 7.9.2例3 7 9 2 124 905
4 4 7.9.2例4 7 9 2 124 2108
4 5 7.9.2例5 7 9 2 125 929
4 5 7.9.2例5 7 9 2 125 1979
4 6 7.9.2例6 7 9 2 125 2127
4 0 7.9.2例0 7 9 2 125 2798
4 7 7.9.3例7 7 9 3 126 403
4 9 7.9.3例9 7 9 3 126 2273
2 1 7.10.1定义1 7 10 1 127 3090
4 0 7.10.1例0 7 10 1 128 929
0 1 7.10.1命题1 7 10 1 129 1168
0 2 7.10.1命题2 7 10 1 129 1319
3 1 7.10.1定理1 7 10 1 129 2015
0 3 7.10.1命题3 7 10 1 131 1341
4 1 7.10.2例1 7 10 2 133 2572
4 2 7.10.2例2 7 10 2 133 3015
4 3 7.10.2例3 7 10 2 134 1680
4 4 7.10.2例4 7 10 2 135 403
4 5 7.10.2例5 7 10 2 135 1712
4 6 7.10.2例6 7 10 2 136 1171
4 5 7.10.2例5 7 10 2 137 1513
4 7 7.10.2例7 7 10 2 137 1735
4 8 7.10.2例8 7 10 2 137 2722
4 9 7.10.2例9 7 10 2 138 1426
4 10 7.10.3例10 7 10 3 139 566
2 1 7.11.1定义1 7 11 1 142 477
3 1 7.11.1定理1 7 11 1 142 1447
3 1 7.11.1定理1 7 11 1 142 2421
3 1 7.11.1定理1 7 11 1 142 2569
3 1 7.11.1定理1 7 11 1 143 2574
3 2 7.11.1定理2 7 11 1 146 3166
3 2 7.11.1定理2 7 11 1 147 770
3 3 7.11.2定理3 7 11 2 148 403
3 1 7.11.2定理1 7 11 2 148 864
4 8 7.11.2例8 7 11 2 148 940
4 1 7.11.2例1 7 11 2 148 1239
4 2 7.11.2例2 7 11 2 148 1988
4 3 7.11.2例3 7 11 2 149 403
4 4 7.11.2例4 7 11 2 149 2699
4 5 7.11.2例5 7 11 2 150 403
4 6 7.11.2例6 7 11 2 150 968
4 7 7.11.2例7 7 11 2 150 1783
4 8 7.11.2例8 7 11 2 150 2303
2 1 7.12.1定义1 7 12 1 153 2881
4 0 7.12.1例0 7 12 1 153 3037
0 1 7.12.1命题1 7 12 1 154 1887
0 2 7.12.1命题2 7 12 1 155 403
3 1 7.12.1定理1 7 12 1 156 1383
3 0 7.12.1定理0 7 12 1 157 785
3 2 7.12.1定理2 7 12 1 157 855
2 2 7.12.1定义2 7 12 1 157 1077
0 3 7.12.1命题3 7 12 1 157 2149
0 4 7.12.1命题4 7 12 1 157 2674
0 4 7.12.1命题4 7 12 1 157 2972
4 0 7.12.1例0 7 12 1 158 798
0 5 7.12.1命题5 7 12 1 158 2227
0 5 7.12.1命题5 7 12 1 159 1593
4 1 7.12.2例1 7 12 2 160 2060
4 2 7.12.2例2 7 12 2 161 905
4 3 7.12.2例3 7 12 2 161 2251
4 4 7.12.2例4 7 12 2 162 555
4 5 7.12.2例5 7 12 2 162 2484
4 6 7.12.2例6 7 12 2 162 2785
4 7 7.12.2例7 7 12 2 163 481
4 8 7.12.2例8 7 12 2 163 861
4 9 7.12.2例9 7 12 2 163 1490
4 10 7.12.2例10 7 12 2 163 2475
4 11 7.12.2例11 7 12 2 164 1527
4 12 7.12.2例12 7 12 2 165 996
4 13 7.12.2例13 7 12 2 165 2485
2 1 7.12.3定义1 7 12 3 172 2341
2 2 7.12.3定义2 7 12 3 172 2944
2 3 7.12.3定义3 7 12 3 173 2430
0 1 7.12.3命题1 7 12 3 174 403
0 2 7.12.3命题2 7 12 3 175 403
3 1 7.12.3定理1 7 12 3 175 2412
3 1 7.12.3定理1 7 12 3 175 2563
3 2 7.12.3定理2 7 12 3 176 855
3 3 7.12.3定理3 7 12 3 176 2105
2 4 7.12.3定义4 7 12 3 176 3092
2 5 7.12.3定义5 7 12 3 177 792
3 4 7.12.3定理4 7 12 3 177 1262
3 5 7.12.3定理5 7 12 3 177 1564
3 6 7.12.3定理6 7 12 3 178 706
2 1 8.1.1定义1 8 1 1 180 2042
4 0 8.1.1例0 8 1 1 181 2569
2 2 8.1.1定义2 8 1 1 183 554
0 1 8.1.1命题1 8 1 1 183 1955
0 2 8.1.1命题2 8 1 1 183 2182
0 3 8.1.1命题3 8 1 1 183 2337
0 4 8.1.1命题4 8 1 1 183 2942
0 5 8.1.1命题5 8 1 1 184 2130
2 3 8.1.1定义3 8 1 1 185 628
2 4 8.1.1定义4 8 1 1 185 1371
1 1 8.1.1推论1 8 1 1 185 3166
1 2 8.1.1推论2 8 1 1 186 551
1 3 8.1.1推论3 8 1 1 186 702
2 5 8.1.1定义5 8 1 1 186 853
0 6 8.1.1命题6 8 1 1 186 1225
0 7 8.1.1命题7 8 1 1 186 1672
0 7 8.1.1命题7 8 1 1 186 1823
0 8 8.1.1命题8 8 1 1 186 2048
2 6 8.1.1定义6 8 1 1 186 2421
3 1 8.1.1定理1 8 1 1 187 703
2 7 8.1.1定义7 8 1 1 187 2278
4 0 8.1.1例0 8 1 1 187 2426
3 2 8.1.1定理2 8 1 1 187 2652
1 4 8.1.1推论4 8 1 1 187 3095
2 8 8.1.1定义8 8 1 1 188 702
0 9 8.1.1命题9 8 1 1 188 1151
0 10 8.1.1命题10 8 1 1 188 1299
0 11 8.1.1命题11 8 1 1 188 1676
0 12 8.1.1命题12 8 1 1 188 2196
0 13 8.1.1命题13 8 1 1 189 2980
4 1 8.1.2例1 8 1 2 190 2725
4 1 8.1.2例1 8 1 2 191 2127
4 2 8.1.2例2 8 1 2 191 2426
4 3 8.1.2例3 8 1 2 192 1154
4 4 8.1.2例4 8 1 2 192 1963
4 7 8.1.2例7 8 1 2 194 2261
4 8 8.1.2例8 8 1 2 195 1042
4 9 8.1.2例9 8 1 2 196 784
4 10 8.1.2例10 8 1 2 196 1645
4 11 8.1.2例11 8 1 2 196 3018
4 12 8.1.2例12 8 1 2 197 1465
4 13 8.1.2例13 8 1 2 198 409
4 14 8.1.2例14 8 1 2 198 1731
4 15 8.1.2例15 8 1 2 198 2046
4 16 8.1.2例16 8 1 2 198 2800
4 17 8.1.2例17 8 1 2 199 2338
4 18 8.1.2例18 8 1 2 199 3096
4 19 8.1.2例19 8 1 2 200 703
4 20 8.1.2例20 8 1 2 200 2545
4 21 8.1.2例21 8 1 2 201 552
4 22 8.1.2例22 8 1 2 201 925
4 23 8.1.2例23 8 1 2 201 2868
4 24 8.1.2例24 8 1 2 202 1453
4 25 8.1.2例25 8 1 2 202 2563
4 26 8.1.2例26 8 1 2 203 1686
4 0 8.1.2例0 8 1 2 204 1341
4 27 8.1.2例27 8 1 2 204 1776
3 1 8.2.1定理1 8 2 1 208 2717
3 2 8.2.1定理2 8 2 1 209 3021
3 3 8.2.1定理3 8 2 1 210 2452
4 0 8.2.1例0 8 2 1 211 1969
0 1 8.2.1命题1 8 2 1 211 2717
0 2 8.2.1命题2 8 2 1 211 3013
3 4 8.2.1定理4 8 2 1 212 702
1 1 8.2.1推论1 8 2 1 212 2347
4 0 8.2.1例0 8 2 1 212 2495
2 1 8.2.1定义1 8 2 1 212 2867
3 5 8.2.1定理5 8 2 1 213 403
3 6 8.2.1定理6 8 2 1 213 1521
0 3 8.2.1命题3 8 2 1 213 2792
4 0 8.2.1例0 8 2 1 214 551
3 6 8.2.1定理6 8 2 1 214 702
0 3 8.2.1命题3 8 2 1 214 2719
0 4 8.2.1命题4 8 2 1 214 2793
2 2 8.2.1定义2 8 2 1 214 3018
3 8 8.2.1定理8 8 2 1 215 522
3 9 8.2.1定理9 8 2 1 215 2142
3 0 8.2.2定理0 8 2 2 216 2168
4 1 8.2.2例1 8 2 2 216 2752
4 2 8.2.2例2 8 2 2 217 2103
4 3 8.2.2例3 8 2 2 217 2625
4 4 8.2.2例4 8 2 2 218 403
4 5 8.2.2例5 8 2 2 219 1002
4 6 8.2.2例6 8 2 2 219 2571
4 7 8.2.2例7 8 2 2 220 480
4 8 8.2.2例8 8 2 2 220 1601
4 9 8.2.2例9 8 2 2 220 3092
4 10 8.2.2例10 8 2 2 221 777
4 9 8.2.2例9 8 2 2 221 1519
4 11 8.2.2例11 8 2 2 222 476
4 12 8.2.2例12 8 2 2 223 704
4 13 8.2.2例13 8 2 2 223 2586
4 14 8.2.2例14 8 2 2 224 637
4 0 8.2.2例0 8 2 2 224 2563
4 16 8.2.2例16 8 2 2 225 844
4 17 8.2.2例17 8 2 2 225 1287
4 18 8.2.2例18 8 2 2 225 2211
4 19 8.2.2例19 8 2 2 226 581
4 20 8.2.2例20 8 2 2 226 2410
4 21 8.2.2例21 8 2 2 227 779
4 22 8.2.2例22 8 2 2 227 1531
4 23 8.2.2例23 8 2 2 227 2648
4 24 8.2.2例24 8 2 2 228 477
4 25 8.2.2例25 8 2 2 228 1776
4 0 8.2.2例0 8 2 2 229 1450
4 26 8.2.2例26 8 2 2 229 1901
2 1 8.3.1定义1 8 3 1 233 2338
3 1 8.3.1定理1 8 3 1 234 1838
0 1 8.3.1命题1 8 3 1 235 776
3 1 8.3.1定理1 8 3 1 235 2122
3 2 8.3.1定理2 8 3 1 236 1103
3 3 8.3.2定理3 8 3 2 237 1151
4 1 8.3.2例1 8 3 2 237 2571
4 2 8.3.2例2 8 3 2 238 637
4 3 8.3.2例3 8 3 2 239 1979
4 4 8.3.2例4 8 3 2 240 1530
4 5 8.3.2例5 8 3 2 240 2569
4 6 8.3.2例6 8 3 2 241 1121
4 7 8.3.2例7 8 3 2 241 1886
4 8 8.3.2例8 8 3 2 242 403
4 9 8.3.2例9 8 3 2 242 853
4 10 8.3.2例10 8 3 2 242 1980
4 3 8.3.2例3 8 3 2 243 779
4 12 8.3.2例12 8 3 2 243 1978
4 13 8.3.2例13 8 3 2 243 2870
4 14 8.3.3例14 8 3 3 244 861
4 0 8.4.1例0 8 4 1 247 481
3 1 8.4.1定理1 8 4 1 247 777
2 1 8.4.1定义1 8 4 1 248 781
4 0 8.4.1例0 8 4 1 248 2278
0 1 8.4.1命题1 8 4 1 248 2580
0 1 8.4.2命题1 8 4 2 249 1195
4 1 8.4.2例1 8 4 2 249 1576
4 2 8.4.2例2 8 4 2 249 2637
4 3 8.4.2例3 8 4 2 250 625
4 4 8.4.2例4 8 4 2 250 1151
4 5 8.4.2例5 8 4 2 250 1975
4 6 8.4.2例6 8 4 2 250 2645
4 7 8.4.2例7 8 4 2 251 1593
2 1 8.4.3定义1 8 4 3 255 2492
2 2 8.4.3定义2 8 4 3 255 2719
4 0 8.4.3例0 8 4 3 256 3035
2 1 9.1.1定义1 9 1 1 258 1738
4 1 9.1.1例1 9 1 1 258 2342
4 2 9.1.1例2 9 1 1 258 2567
4 3 9.1.1例3 9 1 1 258 2858
4 4 9.1.1例4 9 1 1 259 1151
4 5 9.1.1例5 9 1 1 259 1450
4 6 9.1.1例6 9 1 1 259 1598
4 7 9.1.1例7 9 1 1 259 1749
4 8 9.1.1例8 9 1 1 259 1975
4 9 9.1.1例9 9 1 1 259 2126
3 1 9.1.1定理1 9 1 1 260 773
3 2 9.1.1定理2 9 1 1 260 1660
2 2 9.1.1定义2 9 1 1 261 779
2 3 9.1.1定义3 9 1 1 261 929
2 4 9.1.1定义4 9 1 1 262 403
0 1 9.1.1命题1 9 1 1 263 773
0 2 9.1.1命题2 9 1 1 263 2412
0 1 9.1.1命题1 9 1 1 263 2634
2 5 9.1.1定义5 9 1 1 264 1165
2 6 9.1.1定义6 9 1 1 264 2889
4 1 9.1.2例1 9 1 2 265 632
4 2 9.1.2例2 9 1 2 265 1903
4 3 9.1.2例3 9 1 2 265 2503
4 4 9.1.2例4 9 1 2 265 3095
4 5 9.1.2例5 9 1 2 266 871
4 6 9.1.2例6 9 1 2 266 1414
4 7 9.1.2例7 9 1 2 266 2404
4 8 9.1.2例8 9 1 2 267 905
4 9 9.1.2例9 9 1 2 267 1664
4 10 9.1.2例10 9 1 2 267 2418
4 11 9.1.2例11 9 1 2 268 1379
4 12 9.1.2例12 9 1 2 268 2478
2 1 9.2.1定义1 9 2 1 270 1963
0 1 9.2.1命题1 9 2 1 270 2264
0 2 9.2.1命题2 9 2 1 270 3096
3 1 9.2.1定理1 9 2 1 271 1450
3 2 9.2.1定理2 9 2 1 271 2571
3 2 9.2.1定理2 9 2 1 272 403
3 3 9.2.1定理3 9 2 1 272 1299
1 1 9.2.1推论1 9 2 1 272 1749
0 3 9.2.1命题3 9 2 1 273 1151
1 2 9.2.1推论2 9 2 1 273 2347
1 2 9.2.1推论2 9 2 1 273 3092
1 3 9.2.1推论3 9 2 1 273 3169
1 4 9.2.2推论4 9 2 2 274 776
1 3 9.2.2推论3 9 2 2 274 1075
0 4 9.2.2命题4 9 2 2 274 1598
4 1 9.2.2例1 9 2 2 274 2796
4 2 9.2.2例2 9 2 2 275 1001
4 3 9.2.2例3 9 2 2 275 1753
4 4 9.2.2例4 9 2 2 275 2719
4 5 9.2.2例5 9 2 2 276 927
4 6 9.2.2例6 9 2 2 276 2719
0 1 9.2.2命题1 9 2 2 276 3091
4 7 9.2.2例7 9 2 2 277 1148
4 8 9.2.2例8 9 2 2 277 2199
4 9 9.2.2例9 9 2 2 277 2645
4 10 9.2.2例10 9 2 2 277 3173
4 11 9.2.2例11 9 2 2 279 702
4 12 9.2.2例12 9 2 2 279 1155
4 13 9.2.2例13 9 2 2 279 2874
3 2 9.2.3定理2 9 2 3 280 551
4 0 9.3.1例0 9 3 1 282 631
0 1 9.3.1命题1 9 3 1 282 1572
3 1 9.3.1定理1 9 3 1 283 1319
2 1 9.3.1定义1 9 3 1 284 477
3 2 9.3.1定理2 9 3 1 284 780
4 0 9.3.1例0 9 3 1 284 1149
3 3 9.3.1定理3 9 3 1 285 1224
3 3 9.3.1定理3 9 3 1 285 2501
4 1 9.3.2例1 9 3 2 286 1524
4 2 9.3.2例2 9 3 2 286 2497
4 3 9.3.2例3 9 3 2 287 989
4 4 9.3.2例4 9 3 2 287 2439
4 5 9.3.2例5 9 3 2 288 2081
4 6 9.3.2例6 9 3 2 289 403
4 7 9.3.2例7 9 3 2 289 1320
4 8 9.3.2例8 9 3 2 290 715
4 9 9.3.2例9 9 3 2 290 1383
4 10 9.3.2例10 9 3 2 290 2652
4 11 9.3.2例11 9 3 2 291 555
4 12 9.3.2例12 9 3 2 291 1530
4 13 9.3.2例13 9 3 2 291 2571
4 14 9.3.2例14 9 3 2 292 1620
4 15 9.3.2例15 9 3 2 293 403
4 16 9.3.2例16 9 3 2 293 1055
4 17 9.3.2例17 9 3 2 295 1121
4 18 9.3.2例18 9 3 2 295 2130
4 19 9.3.2例19 9 3 2 296 1373
4 20 9.3.2例20 9 3 2 296 2796
4 21 9.3.3例21 9 3 3 297 707
2 0 9.3.3定义0 9 3 3 297 932
2 0 9.3.3定义0 9 3 3 297 1771
2 1 9.4.1定义1 9 4 1 299 2939
2 1 9.4.1定义1 9 4 1 300 551
3 1 9.4.1定理1 9 4 1 300 2492
1 1 9.4.1推论1 9 4 1 300 3169
1 2 9.4.1推论2 9 4 1 301 1593
1 3 9.4.1推论3 9 4 1 301 1889
0 1 9.4.2命题1 9 4 2 302 1077
3 1 9.4.2定理1 9 4 2 302 1450
4 1 9.4.2例1 9 4 2 302 1897
4 2 9.4.2例2 9 4 2 303 1222
4 3 9.4.2例3 9 4 2 303 1897
4 4 9.4.2例4 9 4 2 304 1075
4 5 9.4.2例5 9 4 2 304 2119
4 6 9.4.2例6 9 4 2 304 2796
4 7 9.4.2例7 9 4 2 305 1754
4 8 9.4.2例8 9 4 2 305 2726
4 9 9.4.2例9 9 4 2 306 713
4 10 9.4.2例10 9 4 2 306 1563
4 11 9.4.2例11 9 4 2 308 2648
4 12 9.4.2例12 9 4 2 309 2271
4 12 9.4.2例12 9 4 2 311 403
4 13 9.4.2例13 9 4 2 311 628
4 14 9.4.2例14 9 4 2 311 2867
2 1 9.5.1定义1 9 5 1 314 2867
0 1 9.5.1命题1 9 5 1 315 403
0 2 9.5.1命题2 9 5 1 315 551
1 1 9.5.1推论1 9 5 1 315 1299
0 3 9.5.1命题3 9 5 1 315 1524
0 4 9.5.1命题4 9 5 1 315 1672
0 5 9.5.1命题5 9 5 1 315 1901
4 0 9.5.1例0 9 5 1 315 2571
3 1 9.5.1定理1 9 5 1 316 1416
3 2 9.5.1定理2 9 5 1 317 1351
3 3 9.5.1定理3 9 5 1 318 1084
3 4 9.5.1定理4 9 5 1 319 403
2 2 9.5.1定义2 9 5 1 319 2009
2 3 9.5.1定义3 9 5 1 319 2558
4 1 9.5.2例1 9 5 2 322 1669
4 2 9.5.2例2 9 5 2 322 2722
4 3 9.5.2例3 9 5 2 323 702
4 4 9.5.2例4 9 5 2 323 1151
4 5 9.5.2例5 9 5 2 323 1598
4 6 9.5.2例6 9 5 2 324 943
4 7 9.5.2例7 9 5 2 324 2478
4 8 9.5.2例8 9 5 2 325 861
4 9 9.5.2例9 9 5 2 325 1472
4 10 9.5.2例10 9 5 2 325 2567
4 11 9.5.2例11 9 5 2 327 1423
4 12 9.5.2例12 9 5 2 327 2370
4 13 9.5.2例13 9 5 2 328 1236
4 14 9.5.2例14 9 5 2 328 1684
4 0 9.5.2例0 9 5 2 328 2205
4 16 9.5.2例16 9 5 2 329 927
4 17 9.5.2例17 9 5 2 329 1299
4 18 9.5.2例18 9 5 2 329 2043
4 19 9.5.2例19 9 5 2 330 701
4 20 9.5.2例20 9 5 2 330 1979
4 21 9.5.2例21 9 5 2 331 403
4 22 9.5.2例22 9 5 2 331 1297
4 23 9.5.2例23 9 5 2 331 2049
4 24 9.5.2例24 9 5 2 332 403
4 25 9.5.2例25 9 5 2 332 2870
4 26 9.5.2例26 9 5 2 333 1077
4 27 9.5.2例27 9 5 2 333 1598
2 1 9.6.1定义1 9 6 1 335 2023
0 1 9.6.1命题1 9 6 1 335 2174
0 2 9.6.1命题2 9 6 1 335 2486
0 3 9.6.1命题3 9 6 1 336 403
1 1 9.6.1推论1 9 6 1 336 1598
1 2 9.6.1推论2 9 6 1 336 1971
0 4 9.6.1命题4 9 6 1 336 2344
1 3 9.6.1推论3 9 6 1 336 2941
0 5 9.6.1命题5 9 6 1 337 924
0 6 9.6.1命题6 9 6 1 338 1669
1 4 9.6.1推论4 9 6 1 339 631
3 1 9.6.1定理1 9 6 1 339 1232
1 5 9.6.1推论5 9 6 1 339 2939
2 2 9.6.1定义2 9 6 1 340 850
3 2 9.6.1定理2 9 6 1 340 1598
1 6 9.6.1推论6 9 6 1 340 2944
3 2 9.6.1定理2 9 6 1 340 3095
0 7 9.6.1命题7 9 6 1 341 403
0 8 9.6.1命题8 9 6 1 341 1585
1 7 9.6.1推论7 9 6 1 341 2104
0 9 9.6.1命题9 9 6 1 341 2917
0 10 9.6.1命题10 9 6 1 342 2780
0 0 9.6.1命题0 9 6 1 342 3079
0 10 9.6.1命题10 9 6 1 343 3169
4 1 9.6.2例1 9 6 2 345 927
4 2 9.6.2例2 9 6 2 345 1823
4 3 9.6.2例3 9 6 2 345 2418
4 4 9.6.2例4 9 6 2 346 622
4 5 9.6.2例5 9 6 2 346 1124
4 6 9.6.2例6 9 6 2 346 1785
4 7 9.6.2例7 9 6 2 346 2717
4 8 9.6.2例8 9 6 2 347 2944
4 9 9.6.2例9 9 6 2 348 849
4 10 9.6.2例10 9 6 2 348 1149
4 11 9.6.2例11 9 6 2 348 1750
4 12 9.6.2例12 9 6 2 348 2271
4 13 9.6.2例13 9 6 2 349 962
4 14 9.6.2例14 9 6 2 350 702
4 15 9.6.2例15 9 6 2 350 1892
4 16 9.6.2例16 9 6 2 351 984
4 17 9.6.2例17 9 6 2 351 3018
4 18 9.6.2例18 9 6 2 352 2018
4 19 9.6.2例19 9 6 2 353 3022
4 21 9.6.2例21 9 6 2 355 2401
4 22 9.6.2例22 9 6 2 356 1535
4 23 9.6.2例23 9 6 2 357 1950
2 1 9.7.1定义1 9 7 1 360 2029
3 1 9.7.1定理1 9 7 1 361 551
3 1 9.7.1定理1 9 7 1 362 903
3 1 9.7.1定理1 9 7 1 362 1129
3 2 9.7.1定理2 9 7 1 362 1638
1 1 9.7.2推论1 9 7 2 363 2141
4 1 9.7.2例1 9 7 2 363 2876
4 2 9.7.2例2 9 7 2 364 851
4 3 9.7.2例3 9 7 2 364 1445
4 4 9.7.2例4 9 7 2 364 1894
4 5 9.7.2例5 9 7 2 364 2645
4 6 9.7.2例6 9 7 2 364 2943
4 7 9.7.2例7 9 7 2 365 855
4 8 9.7.2例8 9 7 2 365 2434
4 9 9.7.2例9 9 7 2 366 403
4 10 9.7.2例10 9 7 2 366 925
4 11 9.7.2例11 9 7 2 367 555
4 12 9.7.2例12 9 7 2 367 1820
4 13 9.7.2例13 9 7 2 367 2796
4 14 9.7.2例14 9 7 2 368 699
4 15 9.7.2例15 9 7 2 368 3096
4 16 9.7.2例16 9 7 2 369 773
4 17 9.7.2例17 9 7 2 369 2560
4 18 9.7.2例18 9 7 2 370 1481
3 1 9.8.1定理1 9 8 1 373 403
1 1 9.8.1推论1 9 8 1 374 850
1 2 9.8.1推论2 9 8 1 374 1898
1 3 9.8.1推论3 9 8 1 374 2344
1 4 9.8.1推论4 9 8 1 374 2495
2 1 9.8.1定义1 9 8 1 374 2645
1 5 9.8.1推论5 9 8 1 374 2942
1 6 9.8.1推论6 9 8 1 374 3092
3 2 9.8.1定理2 9 8 1 375 1595
2 2 9.8.1定义2 9 8 1 375 1968
2 3 9.8.1定义3 9 8 1 375 2190
2 4 9.8.1定义4 9 8 1 375 2341
3 3 9.8.1定理3 9 8 1 375 2567
3 4 9.8.1定理4 9 8 1 376 988
2 5 9.8.1定义5 9 8 1 376 1436
3 5 9.8.1定理5 9 8 1 376 3022
3 6 9.8.1定理6 9 8 1 377 403
3 0 9.8.1定理0 9 8 1 377 629
3 7 9.8.1定理7 9 8 1 377 780
3 8 9.8.1定理8 9 8 1 377 1225
3 8 9.8.1定理8 9 8 1 377 1373
3 9 9.8.1定理9 9 8 1 377 1528
3 10 9.8.1定理10 9 8 1 378 1376
1 7 9.8.1推论7 9 8 1 378 3018
1 8 9.8.1推论8 9 8 1 379 403
1 9 9.8.1推论9 9 8 1 379 625
2 6 9.8.1定义6 9 8 1 379 1225
3 11 9.8.1定理11 9 8 1 380 1761
4 1 9.8.2例1 9 8 2 381 853
4 2 9.8.2例2 9 8 2 383 1077
4 3 9.8.2例3 9 8 2 385 631
4 4 9.8.2例4 9 8 2 385 1168
4 5 9.8.2例5 9 8 2 385 1550
4 6 9.8.2例6 9 8 2 385 2004
4 7 9.8.2例7 9 8 2 385 2456
4 8 9.8.2例8 9 8 2 386 2560
4 9 9.8.2例9 9 8 2 387 872
4 10 9.8.2例10 9 8 2 387 1989
4 11 9.8.2例11 9 8 2 388 538
4 12 9.8.2例12 9 8 2 388 1055
4 13 9.8.2例13 9 8 2 389 1240
4 14 9.8.2例14 9 8 2 389 1546
4 15 9.8.2例15 9 8 2 389 2625
4 16 9.8.2例16 9 8 2 390 403
4 17 9.8.2例17 9 8 2 390 2434
4 18 9.8.2例18 9 8 2 392 850
4 19 9.8.2例19 9 8 2 392 1845
4 20 9.8.2例20 9 8 2 392 2526
4 21 9.8.2例21 9 8 2 393 776
4 22 9.8.2例22 9 8 2 393 1464
4 23 9.8.2例23 9 8 2 393 1845
4 24 9.8.2例24 9 8 2 393 2338
4 25 9.8.2例25 9 8 2 394 708
4 26 9.8.2例26 9 8 2 394 3018
4 27 9.8.2例27 9 8 2 395 1977
4 28 9.8.2例28 9 8 2 396 865
4 29 9.8.2例29 9 8 2 397 403
4 30 9.8.2例30 9 8 2 397 2421
4 31 9.8.2例31 9 8 2 397 3169
2 1 9.9.1定义1 9 9 1 400 1447
0 1 9.9.1命题1 9 9 1 400 1824
0 2 9.9.1命题2 9 9 1 400 2640
2 2 9.9.1定义2 9 9 1 401 784
2 3 9.9.1定义3 9 9 1 401 2015
1 1 9.9.1推论1 9 9 1 401 2163
1 2 9.9.1推论2 9 9 1 402 1010
1 1 9.9.1推论1 9 9 1 402 1308
0 3 9.9.1命题3 9 9 1 402 1535
3 1 9.9.1定理1 9 9 1 402 2665
1 3 9.9.1推论3 9 9 1 403 2530
4 1 9.9.1例1 9 9 1 404 759
0 4 9.9.1命题4 9 9 1 404 1480
3 2 9.9.1定理2 9 9 1 404 2830
0 3 9.9.1命题3 9 9 1 408 2443
3 2 9.9.1定理2 9 9 1 410 1017
1 4 9.9.1推论4 9 9 1 410 1664
4 2 9.9.1例2 9 9 1 410 2223
3 3 9.9.1定理3 9 9 1 411 403
1 5 9.9.1推论5 9 9 1 412 705
3 4 9.9.1定理4 9 9 1 412 2072
1 6 9.9.1推论6 9 9 1 413 1796
1 8 9.9.1推论8 9 9 1 413 3166
1 7 9.9.1推论7 9 9 1 414 403
1 8 9.9.1推论8 9 9 1 414 1634
2 3 9.9.1定义3 9 9 1 414 3021
3 5 9.9.1定理5 9 9 1 415 551
3 6 9.9.1定理6 9 9 1 415 706
3 7 9.9.1定理7 9 9 1 415 1077
3 8 9.9.1定理8 9 9 1 415 1450
3 9 9.9.1定理9 9 9 1 415 1676
3 10 9.9.2定理10 9 9 2 416 477
1 4 9.9.2推论4 9 9 2 416 705
1 5 9.9.2推论5 9 9 2 416 858
1 5 9.9.2推论5 9 9 2 416 1009
4 1 9.9.2例1 9 9 2 416 1310
4 2 9.9.2例2 9 9 2 417 2152
4 3 9.9.2例3 9 9 2 419 1595
4 4 9.9.2例4 9 9 2 419 2791
4 5 9.9.2例5 9 9 2 422 477
4 6 9.9.2例6 9 9 2 422 3095
4 7 9.9.2例7 9 9 2 423 743
4 8 9.9.2例8 9 9 2 424 1151
4 9 9.9.2例9 9 9 2 425 1179
4 10 9.9.2例10 9 9 2 426 403
4 11 9.9.2例11 9 9 2 426 2857
4 12 9.9.2例12 9 9 2 427 1431
4 13 9.9.2例13 9 9 2 429 2571
4 14 9.9.2例14 9 9 2 430 1075
4 15 9.9.3例15 9 9 3 431 1228
2 1 9.10.1定义1 9 10 1 433 1114
4 0 9.10.1例0 9 10 1 433 1416
3 1 9.10.1定理1 9 10 1 435 1043
4 1 9.10.2例1 9 10 2 436 1931
4 2 9.10.2例2 9 10 2 437 403
4 3 9.10.2例3 9 10 2 437 1302
4 4 9.10.2例4 9 10 2 437 1976
4 5 9.10.2例5 9 10 2 437 2430
4 6 9.10.2例6 9 10 2 438 2423
4 7 9.10.2例7 9 10 2 439 403
4 8 9.10.2例8 9 10 2 439 1165
4 9 9.10.2例9 9 10 2 439 2396
4 10 9.10.2例10 9 10 2 440 1950
4 11 9.10.2例11 9 10 2 441 1818
4 12 9.10.2例12 9 10 2 442 1254
4 13 9.10.2例13 9 10 2 442 1935
4 14 9.10.2例14 9 10 2 443 1086
4 15 9.10.2例15 9 10 2 443 2101
4 16 9.10.2例16 9 10 2 443 2643
4 20 9.10.2例20 9 10 2 445 2726
4 19 9.10.2例19 9 10 2 446 2944
4 0 9.10.3例0 9 10 3 451 2418
2 1 10.1.1定义1 10 1 1 453 2081
4 1 10.1.1例1 10 1 1 453 2602
4 2 10.1.1例2 10 1 1 453 2714
4 3 10.1.1例3 10 1 1 454 617
4 4 10.1.1例4 10 1 1 454 839
3 1 10.1.1定理1 10 1 1 455 502
3 1 10.1.1定理1 10 1 1 455 1423
2 2 10.1.1定义2 10 1 1 455 2942
2 3 10.1.1定义3 10 1 1 456 551
3 2 10.1.1定理2 10 1 1 456 629
2 4 10.1.1定义4 10 1 1 456 2421
3 3 10.1.1定理3 10 1 1 457 914
3 3 10.1.1定理3 10 1 1 458 477
3 4 10.1.1定理4 10 1 1 458 1228
2 5 10.1.1定义5 10 1 1 459 1881
3 5 10.1.1定理5 10 1 1 459 2259
4 0 10.1.1例0 10 1 1 460 2083
3 6 10.1.1定理6 10 1 1 460 2157
3 7 10.1.1定理7 10 1 1 461 2641
1 1 10.1.1推论1 10 1 1 464 1012
3 8 10.1.1定理8 10 1 1 465 1668
3 9 10.1.1定理9 10 1 1 466 1997
0 1 10.1.1命题1 10 1 1 466 3092
1 2 10.1.1推论2 10 1 1 467 1136
0 2 10.1.1命题2 10 1 1 467 1434
1 3 10.1.1推论3 10 1 1 467 2637
1 4 10.1.1推论4 10 1 1 467 3016
3 10 10.1.1定理10 10 1 1 468 1012
3 0 10.1.1定理0 10 1 1 468 2496
3 11 10.1.1定理11 10 1 1 468 3170
3 12 10.1.1定理12 10 1 1 471 1530
1 5 10.1.1推论5 10 1 1 471 2489
1 6 10.1.2推论6 10 1 2 472 644
1 6 10.1.2推论6 10 1 2 472 718
4 1 10.1.2例1 10 1 2 472 1327
4 2 10.1.2例2 10 1 2 472 2712
4 3 10.1.2例3 10 1 2 473 1339
4 4 10.1.2例4 10 1 2 473 2026
4 5 10.1.2例5 10 1 2 474 1974
4 6 10.1.2例6 10 1 2 474 2497
4 7 10.1.2例7 10 1 2 476 768
4 8 10.1.2例8 10 1 2 476 1530
4 9 10.1.2例9 10 1 2 477 1382
4 9 10.1.2例9 10 1 2 478 2336
4 0 10.1.2例0 10 1 2 478 2640
4 10 10.1.2例10 10 1 2 478 2867
4 11 10.1.2例11 10 1 2 479 1094
4 12 10.1.2例12 10 1 2 479 1820
4 13 10.1.2例13 10 1 2 479 2144
4 14 10.1.2例14 10 1 2 480 788
4 15 10.1.2例15 10 1 2 480 2348
4 16 10.1.2例16 10 1 2 481 3169
4 17 10.1.2例17 10 1 2 482 1750
4 18 10.1.2例18 10 1 2 482 2569
4 19 10.1.2例19 10 1 2 484 850
4 20 10.1.2例20 10 1 2 485 555
4 21 10.1.2例21 10 1 2 485 2497
4 22 10.1.2例22 10 1 2 486 1001
4 23 10.1.2例23 10 1 2 486 1900
2 1 10.2.1定义1 10 2 1 489 477
0 1 10.2.1命题1 10 2 1 489 629
0 2 10.2.1命题2 10 2 1 489 1077
2 2 10.2.1定义2 10 2 1 489 1889
2 3 10.2.1定义3 10 2 1 489 2262
4 1 10.2.1例1 10 2 1 489 2486
4 2 10.2.1例2 10 2 1 489 2788
4 3 10.2.1例3 10 2 1 490 403
2 4 10.2.1定义4 10 2 1 490 1291
3 1 10.2.1定理1 10 2 1 490 2020
1 1 10.2.1推论1 10 2 1 490 2999
1 2 10.2.1推论2 10 2 1 491 403
2 5 10.2.1定义5 10 2 1 491 694
2 6 10.2.1定义6 10 2 1 491 1258
1 3 10.2.1推论3 10 2 1 491 1560
1 4 10.2.1推论4 10 2 1 491 1941
1 5 10.2.1推论5 10 2 1 491 2377
2 7 10.2.1定义7 10 2 1 491 2885
0 3 10.2.1命题3 10 2 1 492 546
0 4 10.2.1命题4 10 2 1 492 1497
1 6 10.2.1推论6 10 2 1 492 2333
2 8 10.2.1定义8 10 2 1 492 2412
0 5 10.2.1命题5 10 2 1 493 1483
0 6 10.2.1命题6 10 2 1 493 2081
0 7 10.2.1命题7 10 2 1 493 2944
2 9 10.2.1定义9 10 2 1 494 1604
3 2 10.2.1定理2 10 2 1 494 2577
1 7 10.2.1推论7 10 2 1 495 1994
3 3 10.2.1定理3 10 2 1 495 2719
3 4 10.2.2定理4 10 2 2 496 1606
1 8 10.2.2推论8 10 2 2 496 1977
4 1 10.2.2例1 10 2 2 496 2578
4 2 10.2.2例2 10 2 2 497 1464
4 3 10.2.2例3 10 2 2 497 2434
4 4 10.2.2例4 10 2 2 498 992
4 5 10.2.2例5 10 2 2 498 2643
4 6 10.2.2例6 10 2 2 499 1450
4 7 10.2.2例7 10 2 2 499 2369
4 8 10.2.2例8 10 2 2 499 3016
4 9 10.2.2例9 10 2 2 500 981
4 10 10.2.2例10 10 2 2 500 2867
4 11 10.2.2例11 10 2 2 501 1823
4 12 10.2.2例12 10 2 2 502 1014
2 1 10.3.1定义1 10 3 1 505 477
3 1 10.3.1定理1 10 3 1 505 1308
3 2 10.3.1定理2 10 3 1 506 1118
2 2 10.3.1定义2 10 3 1 506 2423
3 1 10.3.1定理1 10 3 1 506 2648
4 1 10.3.2例1 10 3 2 508 2622
4 2 10.3.2例2 10 3 2 509 2473
4 3 10.3.2例3 10 3 2 509 2699
4 4 10.3.2例4 10 3 2 509 3092
4 5 10.3.2例5 10 3 2 510 1321
4 6 10.3.2例6 10 3 2 510 1919
4 7 10.3.2例7 10 3 2 511 984
4 8 10.3.2例8 10 3 2 511 2040
4 9 10.3.2例9 10 3 2 511 2566
4 10 10.3.2例10 10 3 2 512 477
4 11 10.3.2例11 10 3 2 512 1117
4 12 10.3.2例12 10 3 2 512 2593
4 13 10.3.2例13 10 3 2 513 754
4 14 10.3.2例14 10 3 2 513 1571
4 0 10.3.2例0 10 3 2 513 1809
4 16 10.3.2例16 10 3 2 513 2626
4 17 10.3.3例17 10 3 3 514 481
4 18 10.3.3例18 10 3 3 514 1310
2 1 10.4.2定义1 10 4 2 516 477
0 1 10.4.2命题1 10 4 2 516 779
0 2 10.4.2命题2 10 4 2 516 1003
1 1 10.4.2推论1 10 4 2 516 1228
0 3 10.4.2命题3 10 4 2 516 1456
0 4 10.4.2命题4 10 4 2 516 2412
0 5 10.4.2命题5 10 4 2 516 2560
2 2 10.4.2定义2 10 4 2 517 1223
0 6 10.4.2命题6 10 4 2 517 1521
0 7 10.4.2命题7 10 4 2 517 2344
0 8 10.4.2命题8 10 4 2 517 2865
3 1 10.4.2定理1 10 4 2 518 403
2 3 10.4.2定义3 10 4 2 519 800
0 9 10.4.2命题9 10 4 2 519 1023
0 10 10.4.2命题10 10 4 2 519 1913
0 11 10.4.2命题11 10 4 2 519 2729
3 2 10.4.2定理2 10 4 2 519 3173
4 1 10.4.3例1 10 4 3 520 1752
4 2 10.4.3例2 10 4 3 520 2273
4 3 10.4.3例3 10 4 3 521 479
4 4 10.4.3例4 10 4 3 521 1445
4 5 10.4.3例5 10 4 3 522 1297
4 6 10.4.3例6 10 4 3 522 2273
4 7 10.4.3例7 10 4 3 523 902
4 8 10.4.3例8 10 4 3 524 1510
4 9 10.4.3例9 10 4 3 524 2036
4 10 10.4.3例10 10 4 3 525 2127
4 11 10.4.3例11 10 4 3 526 1839
4 8 10.4.3例8 10 4 3 526 2582
4 11 10.4.3例11 10 4 3 527 2495
4 12 10.4.3例12 10 4 3 527 2870
4 13 10.4.3例13 10 4 3 528 1454
4 14 10.4.3例14 10 4 3 529 781
4 15 10.4.3例15 10 4 3 529 1379
4 16 10.4.3例16 10 4 3 529 2205
4 17 10.4.3例17 10 4 3 529 2578
4 18 10.4.3例18 10 4 3 530 477
4 19 10.4.3例19 10 4 3 532 1252
4 20 10.4.3例20 10 4 3 532 2183
4 21 10.4.3例21 10 4 3 533 481
4 22 10.4.3例22 10 4 3 533 1151
4 23 10.4.3例23 10 4 3 533 2796
4 24 10.4.3例24 10 4 3 534 706
4 25 10.4.3例25 10 4 3 534 1904
4 26 10.4.3例26 10 4 3 535 556
4 27 10.4.3例27 10 4 3 535 1509
4 28 10.4.3例28 10 4 3 535 2182
4 29 10.4.3例29 10 4 3 535 3018
4 30 10.4.3例30 10 4 3 536 2172
4 31 10.4.3例31 10 4 3 537 1058
2 1 10.5.1定义1 10 5 1 539 2722
2 2 10.5.1定义2 10 5 1 540 715
4 0 10.5.1例0 10 5 1 540 792
2 3 10.5.1定义3 10 5 1 540 1277
3 1 10.5.1定理1 10 5 1 540 1749
2 4 10.5.1定义4 10 5 1 540 2610
2 5 10.5.1定义5 10 5 1 540 2948
1 1 10.5.1推论1 10 5 1 540 3169
1 2 10.5.1推论2 10 5 1 541 702
1 3 10.5.1推论3 10 5 1 541 1084
0 1 10.5.1命题1 10 5 1 541 1530
1 4 10.5.1推论4 10 5 1 541 1754
2 6 10.5.1定义6 10 5 1 541 1905
3 2 10.5.1定理2 10 5 1 541 2057
2 7 10.5.1定义7 10 5 1 542 2253
3 3 10.5.1定理3 10 5 1 542 2401
2 8 10.5.1定义8 10 5 1 543 502
3 4 10.5.1定理4 10 5 1 543 807
1 5 10.5.1推论5 10 5 1 543 1258
3 5 10.5.1定理5 10 5 1 543 1486
3 6 10.5.1定理6 10 5 1 544 628
1 6 10.5.1推论6 10 5 1 544 1003
3 7 10.5.1定理7 10 5 1 544 1606
3 8 10.5.1定理8 10 5 1 545 929
2 9 10.5.1定义9 10 5 1 545 1382
0 2 10.5.1命题2 10 5 1 545 1609
0 3 10.5.1命题3 10 5 1 545 1913
0 4 10.5.1命题4 10 5 1 545 2138
0 5 10.5.1命题5 10 5 1 545 2216
0 6 10.5.1命题6 10 5 1 545 2440
2 10 10.5.1定义10 10 5 1 545 2867
0 7 10.5.1命题7 10 5 1 545 3096
0 8 10.5.1命题8 10 5 1 546 403
0 9 10.5.1命题9 10 5 1 546 1436
2 11 10.5.1定义11 10 5 1 546 2799
3 9 10.5.1定理9 10 5 1 547 628
3 10 10.5.1定理10 10 5 1 547 2610
3 11 10.5.1定理11 10 5 1 547 3018
2 12 10.5.1定义12 10 5 1 549 705
2 13 10.5.1定义13 10 5 1 549 929
3 12 10.5.1定理12 10 5 1 549 2295
3 13 10.5.1定理13 10 5 1 549 2948
3 14 10.5.1定理14 10 5 1 550 551
3 15 10.5.1定理15 10 5 1 550 2057
3 16 10.5.1定理16 10 5 1 550 2799
3 17 10.5.1定理17 10 5 1 550 3173
2 14 10.5.1定义14 10 5 1 551 1804
3 18 10.5.1定理18 10 5 1 551 3170
2 15 10.5.1定义15 10 5 1 552 556
3 19 10.5.1定理19 10 5 1 552 1010
4 1 10.5.2例1 10 5 2 553 850
4 2 10.5.2例2 10 5 2 553 1864
4 3 10.5.2例3 10 5 2 553 2815
4 4 10.5.2例4 10 5 2 554 1872
4 5 10.5.2例5 10 5 2 554 2104
4 6 10.5.2例6 10 5 2 554 2492
4 7 10.5.2例7 10 5 2 554 2867
4 8 10.5.2例8 10 5 2 555 706
4 9 10.5.2例9 10 5 2 555 1228
4 10 10.5.2例10 10 5 2 555 2944
4 11 10.5.2例11 10 5 2 557 628
4 12 10.5.2例12 10 5 2 557 2401
4 13 10.5.2例13 10 5 2 558 966
4 14 10.5.2例14 10 5 2 559 3022
4 15 10.5.2例15 10 5 2 560 3018
4 16 10.5.2例16 10 5 2 561 854
4 17 10.5.2例17 10 5 2 561 1524
4 18 10.5.2例18 10 5 2 561 1901
4 19 10.5.2例19 10 5 2 561 2497
4 20 10.5.2例20 10 5 2 562 2149
4 21 10.5.2例21 10 5 2 562 3169
4 22 10.5.2例22 10 5 2 563 932
4 23 10.5.2例23 10 5 2 564 1077
4 24 10.5.2例24 10 5 2 564 1229
4 25 10.5.2例25 10 5 2 564 1602
4 26 10.5.2例26 10 5 2 564 2196
4 27 10.5.2例27 10 5 2 565 551
4 28 10.5.2例28 10 5 2 565 1287
4 29 10.5.2例29 10 5 2 565 1831
4 30 10.5.2例30 10 5 2 565 2279
4 31 10.5.2例31 10 5 2 566 1044
4 32 10.5.2例32 10 5 2 566 2407
4 33 10.5.2例33 10 5 2 566 2940
4 34 10.5.2例34 10 5 2 567 800
4 35 10.5.2例35 10 5 2 567 1469
4 36 10.5.2例36 10 5 2 567 1839
4 37 10.5.2例37 10 5 2 568 822
4 38 10.5.2例38 10 5 2 568 2164
4 39 10.5.2例39 10 5 2 569 759
4 40 10.5.2例40 10 5 2 569 2223
4 41 10.5.2例41 10 5 2 570 883
4 42 10.5.2例42 10 5 2 570 2157
4 43 10.5.2例43 10 5 2 570 3102
4 44 10.5.2例44 10 5 2 571 1601
4 45 10.5.2例45 10 5 2 571 2962
4 46 10.5.2例46 10 5 2 572 1665
4 47 10.5.2例47 10 5 2 572 2111
4 48 10.5.2例48 10 5 2 572 2489
4 49 10.5.2例49 10 5 2 573 1632
4 50 10.5.2例50 10 5 2 573 2304
4 51 10.5.2例51 10 5 2 573 2974
4 52 10.5.2例52 10 5 2 574 409
4 53 10.5.2例53 10 5 2 574 1228
4 54 10.5.2例54 10 5 2 574 3096
4 55 10.5.2例55 10 5 2 575 2166
4 56 10.5.2例56 10 5 2 576 2168
4 57 10.5.2例57 10 5 2 576 2877
4 58 10.5.2例58 10 5 2 577 407
4 59 10.5.2例59 10 5 2 577 1047
4 60 10.5.2例60 10 5 2 578 773
2 1 10.6.1定义1 10 6 1 584 2401
4 0 10.6.1例0 10 6 1 584 2629
2 2 10.6.1定义2 10 6 1 585 625
2 3 10.6.1定义3 10 6 1 585 850
4 0 10.6.1例0 10 6 1 585 1150
0 1 10.6.1命题1 10 6 1 585 1297
0 2 10.6.1命题2 10 6 1 585 1741
2 4 10.6.1定义4 10 6 1 585 2725
3 1 10.6.1定理1 10 6 1 585 2951
2 5 10.6.1定义5 10 6 1 586 403
3 2 10.6.1定理2 10 6 1 586 785
2 6 10.6.1定义6 10 6 1 586 1316
0 3 10.6.1命题3 10 6 1 586 1776
3 3 10.6.1定理3 10 6 1 586 2552
2 7 10.6.1定义7 10 6 1 586 2857
3 2 10.6.1定理2 10 6 1 586 3096
2 8 10.6.1定义8 10 6 1 587 403
3 4 10.6.1定理4 10 6 1 587 2863
1 1 10.6.1推论1 10 6 1 587 3166
3 5 10.6.1定理5 10 6 1 588 928
3 6 10.6.1定理6 10 6 1 588 1373
2 9 10.6.1定义9 10 6 1 588 1672
3 7 10.6.1定理7 10 6 1 588 1971
3 8 10.6.1定理8 10 6 1 588 2719
3 9 10.6.1定理9 10 6 1 588 2944
1 2 10.6.1推论2 10 6 1 589 477
2 10 10.6.1定义10 10 6 1 589 1818
4 0 10.6.1例0 10 6 1 589 2042
3 10 10.6.1定理10 10 6 1 589 2866
1 3 10.6.1推论3 10 6 1 590 1012
0 4 10.6.1命题4 10 6 1 590 1088
3 11 10.6.1定理11 10 6 1 590 2024
3 12 10.6.1定理12 10 6 1 590 2330
3 13 10.6.1定理13 10 6 1 590 2708
3 14 10.6.1定理14 10 6 1 591 1450
1 4 10.6.1推论4 10 6 1 591 1598
2 11 10.6.1定义11 10 6 1 591 1894
3 15 10.6.1定理15 10 6 1 591 2119
3 16 10.6.1定理16 10 6 1 591 2796
2 12 10.6.1定义12 10 6 1 591 3018
1 5 10.6.1推论5 10 6 1 592 404
3 17 10.6.2定理17 10 6 2 593 1243
4 1 10.6.2例1 10 6 2 593 1550
4 2 10.6.2例2 10 6 2 594 1286
4 3 10.6.2例3 10 6 2 594 1667
4 4 10.6.2例4 10 6 2 594 2103
4 5 10.6.2例5 10 6 2 594 3169
4 6 10.6.2例6 10 6 2 595 849
4 7 10.6.2例7 10 6 2 595 2791
4 8 10.6.2例8 10 6 2 596 1118
4 9 10.6.2例9 10 6 2 596 1672
4 10 10.6.2例10 10 6 2 596 2696
4 11 10.6.2例11 10 6 2 597 2296
4 12 10.6.2例12 10 6 2 597 2759
2 1 10.7.1定义1 10 7 1 599 924
2 2 10.7.1定义2 10 7 1 600 2344
3 1 10.7.1定理1 10 7 1 600 2495
2 3 10.7.1定义3 10 7 1 601 551
0 1 10.7.1命题1 10 7 1 601 776
3 2 10.7.1定理2 10 7 1 602 1075
1 1 10.7.1推论1 10 7 1 603 628
0 2 10.7.1命题2 10 7 1 603 2648
0 2 10.7.1命题2 10 7 1 603 2796
4 1 10.7.2例1 10 7 2 604 1225
4 2 10.7.2例2 10 7 2 604 1687
4 3 10.7.2例3 10 7 2 605 403
4 4 10.7.2例4 10 7 2 606 814
4 5 10.7.2例5 10 7 2 607 1299
4 6 10.7.2例6 10 7 2 609 1727
2 1 11.1.1定义1 11 1 1 621 1966
4 0 11.1.1例0 11 1 1 621 2766
3 1 11.1.1定理1 11 1 1 622 955
1 1 11.1.1推论1 11 1 1 622 2218
3 2 11.1.1定理2 11 1 1 623 2306
3 3 11.1.1定理3 11 1 1 624 1187
4 1 11.1.2例1 11 1 2 625 1491
4 2 11.1.2例2 11 1 2 625 2215
4 3 11.1.2例3 11 1 2 625 2854
4 4 11.2.1例4 11 2 1 627 792
0 1 11.2.1命题1 11 2 1 629 1105
2 1 11.2.1定义1 11 2 1 630 1033
3 1 11.2.1定理1 11 2 1 630 2053
3 2 11.2.1定理2 11 2 1 630 2770
3 3 11.2.1定理3 11 2 1 631 2604
3 4 11.2.1定理4 11 2 1 633 1582
0 2 11.2.1命题2 11 2 1 633 1978
3 5 11.2.1定理5 11 2 1 633 2371
3 6 11.2.1定理6 11 2 1 635 1190
3 6 11.2.1定理6 11 2 1 636 485
3 6 11.2.1定理6 11 2 1 636 647
3 7 11.2.1定理7 11 2 1 636 810
3 8 11.2.1定理8 11 2 1 636 1997
3 9 11.2.1定理9 11 2 1 637 844
1 1 11.2.1推论1 11 2 1 637 2451
4 1 11.2.2例1 11 2 2 638 2023
4 2 11.2.2例2 11 2 2 638 2410
4 3 11.2.2例3 11 2 2 640 2253
4 4 11.2.2例4 11 2 2 641 729
2 0 11.2.2定义0 11 2 2 642 721
4 5 11.2.2例5 11 2 2 642 1417
4 6 11.2.2例6 11 2 2 643 880
4 7 11.2.2例7 11 2 2 643 2556
4 8 11.2.2例8 11 2 2 644 831
4 9 11.2.2例9 11 2 2 644 1256
4 10 11.2.2例10 11 2 2 644 2117
4 11 11.2.2例11 11 3 1 645 1412
4 1 11.3.2例1 11 3 2 650 702
4 2 11.3.2例2 11 3 2 650 1823
4 3 11.3.2例3 11 3 2 650 2929
4 4 11.3.2例4 11 4 1 651 853
2 1 11.4.1定义1 11 4 1 652 715
3 1 11.4.1定理1 11 4 1 652 1436
3 2 11.4.1定理2 11 4 1 653 3170
3 3 11.4.1定理3 11 4 1 655 403
4 1 11.4.2例1 11 4 2 657 2560
4 2 11.4.2例2 11 4 2 658 1297
4 3 11.4.2例3 11 4 2 658 2648
4 4 11.4.2例4 11 4 2 659 2407
4 5 11.4.2例5 11 4 2 660 1667
4 6 11.4.2例6 11 4 2 660 2637
4 7 11.4.2例7 11 4 2 662 1886
4 8 11.4.2例8 11 4 2 663 2130
